4.000000
0.000000
8.000000
0.000000
0.000000
0.000000
0.000000
2.400000
6.000000
30.000000
0.000000
0.000000
0.000000
2.400000
6.000000
30.000000
0.000000
180.000000
0.000000
2.400000
5.500000
30.000000
0.000000
90.000000
0.000000
2.400000
5.500000
30.000000
0.000000
270.000000
0.000000
1.475002
4.974998
46.627872
0.000000
-180.325958
-0.000000
0.925001
6.099995
50.250000
0.000000
1.000007
0.000000
-0.049999
7.420307
47.000000
0.000000
-47.666679
0.000000
0.212502
8.452496
-0.250004
0.000000
-0.166672
4.000000
0.000000
8.000000
0.000000
0.000000
0.000000
4.000000
0.000000
8.000000
0.000000
0.000000
0.000000
4.000000
0.000000
8.000000
0.000000
0.000000
0.000000
4.000000
0.000000
8.000000
0.000000
0.000000
0.000000
