4.000000
0.000000
8.000000
0.000000
0.000000
0.000000
0.000000
2.400000
6.000000
30.000000
0.000000
0.000000
0.000000
2.400000
6.000000
30.000000
0.000000
180.000000
0.000000
2.400000
5.500000
30.000000
0.000000
90.000000
0.000000
2.400000
5.500000
30.000000
0.000000
270.000000
0.000000
0.000000
24.000000
0.000000
0.000000
0.000000
0.000000
1.000000
16.000000
60.000000
0.000000
0.000000
0.000000
1.000000
16.000000
60.000000
0.000000
180.000000
0.000000
1.000000
28.000000
0.000000
0.000000
0.000000
0.000000
1.000000
20.000000
60.000000
0.000000
180.000000
4.000000
0.000000
8.000000
0.000000
0.000000
0.000000
4.000000
0.000000
8.000000
0.000000
0.000000
0.000000
4.000000
0.000000
8.000000
0.000000
0.000000
0.000000
